annee_ref <- 2017
#
