annee_ref <- 2018
