annee_ref <- 2019
