annee_ref <- 2024
