annee_ref <- 2021
